image: map.pgm
resolution: 0.0205176874
origin: ['-2.5588734524', '-9.9473041573', 0.0000000000]
negate: 0
occupied_thresh: 0.8
free_thresh: 0.215686275
